9.28624017e-03
7.31984854e-03
4.93126928e-03
5.09009380e-03
3.19903312e-03
9.63094104e-03
1.24243965e-02
9.84354259e-03
1.83964867e-02
2.75684717e-02
1.70425446e-02
2.10467731e-02
1.23946536e-02
7.81622781e-03
4.52473294e-03
2.86062848e-03
9.32945022e-03
2.51002992e-02
7.07660244e-03
3.69665274e-03
1.65108567e-03
2.44432256e-03
1.11461370e-03
3.78668367e-03
4.31122491e-03
7.31548191e-03
8.47115277e-03
9.28793501e-02
7.19442679e-03
1.08132708e-02
3.77998177e-03
1.67235673e-02
2.03602915e-02
1.11961364e-02
1.34956941e-02
1.31410613e-02
3.46143593e-03
