1.23979703e-02
3.98883973e-02
9.01419570e-03
9.89215661e-03
1.30957119e-03
1.46208909e-02
3.67962854e-02
3.99058704e-04
2.21510882e-02
2.34645481e-02
1.47792348e-02
1.79165334e-03
2.40812695e-02
1.44197241e-03
9.51148064e-03
2.46564533e-02
2.10504666e-02
6.72658231e-02
1.70045033e-03
1.64243146e-03
2.58749982e-02
3.27755053e-02
6.38651520e-03
3.97777155e-03
3.55459077e-03
1.79846995e-02
3.80018817e-03
1.18026414e-01
7.70920017e-03
2.40330778e-02
8.38876882e-04
1.64998332e-02
1.19164441e-02
1.24364134e-02
1.47560366e-02
4.42522931e-02
4.60273845e-03
