1.04207921e-02
1.41398515e-02
1.37128713e-02
1.03217822e-02
9.70915842e-03
1.12561881e-02
2.13056931e-02
1.04950495e-02
1.69925743e-02
1.82797030e-02
1.57487624e-02
1.11076733e-02
1.37376238e-02
1.27908416e-02
9.90099010e-03
1.18626238e-02
2.59653465e-02
5.23514851e-02
9.13985149e-03
1.13242574e-02
1.13428218e-02
9.50495050e-03
9.96905941e-03
8.53960396e-03
9.77103960e-03
1.03217822e-02
1.02042079e-02
4.39232673e-02
1.23514851e-02
1.07425743e-02
1.35024752e-02
1.19183168e-02
9.20792079e-03
1.05074257e-02
1.17017327e-02
1.40717822e-02
1.26175743e-02
