9.19852299e-03
2.88282742e-02
3.62593695e-03
9.88767525e-03
3.30230298e-03
1.08645213e-02
1.28323875e-02
1.32058033e-03
1.21009144e-02
1.15775663e-02
7.25568854e-03
1.51813756e-03
1.02969189e-02
3.74432258e-03
3.32415584e-03
1.59348419e-02
1.28230896e-02
4.21035889e-02
1.22815141e-03
2.23299597e-03
2.85380508e-02
2.58570506e-02
1.41540422e-02
1.51383879e-02
6.97317517e-03
9.07156856e-03
4.60661967e-03
8.37341376e-02
7.19118700e-03
1.81800627e-02
5.80642681e-04
1.38419401e-02
6.02460149e-03
7.22746779e-03
1.63265381e-02
1.69765189e-02
9.25035117e-04
