4.61283322e-02
5.13429360e-02
3.96322000e-02
4.34121384e-02
3.54776347e-02
5.17732335e-02
4.56784462e-02
5.83613949e-02
8.44479324e-02
8.77596131e-02
7.28143932e-02
8.35286273e-02
6.13261321e-02
4.99572193e-02
4.39157282e-02
4.89729996e-02
3.49415770e-02
9.19487416e-02
4.40752992e-02
3.39436623e-02
3.20747294e-02
3.52313768e-02
2.60625054e-02
3.03225928e-02
3.94268379e-02
5.62100665e-02
4.44033607e-02
1.28016251e-01
5.76910248e-02
4.05425141e-02
4.93377685e-02
6.18924543e-02
7.57557325e-02
5.34061941e-02
6.09135288e-02
5.76846512e-02
5.17106049e-02
